1011340118524694539
1015396944992022629
1015396934145548369
1015396974314397778
1015396988084293642
1015396928852349039
1015396927547908096
1015396973488119828
1015396936997666837
1015396979154624532
1015396975073579159
1015396975274905621
1015396950725636189
1015396986079412305
1015396928361598976
1015071227649466484
1015396944224464987
1015396940235673662
1015396936225918976
1015396990563131464
1015396935068286977
1015396971269324850
1015396946665553970
1015396951514161253
1015396988113657947
1013983301662412906
1015396985198628964
1015396972317900911
1015396982447153152
1015396988432437278
1015396947076595802
1015396978877808672
1015396953728749658
1015396948628471838
1015396945851859064
1015396941967929444
1015396950855663726
1015396988184961105
1013151276952989698
1015396933537366146
1015396986117173278
1015396943289126992
1015396930467156038
1015396954668285973
1015396979574067251
1011333857817137293
1015396955536494602
1015396937622630421
1015396938759278642
1015396977523048448
1015396939426185257
1015396976071819296
1015396942819364975
1015396922497966123
1015396978760359946
1015396948490072155
1015396952705335316
1015396932350378166
1015396929808650352
1015396977166524489
1015396931389894707
